952,393 -> 952,70
122,823 -> 69,876
794,504 -> 794,958
903,264 -> 903,96
733,556 -> 733,431
783,891 -> 973,891
761,636 -> 761,472
863,160 -> 905,160
340,226 -> 65,501
348,101 -> 209,101
131,693 -> 25,693
597,521 -> 652,521
522,420 -> 412,420
694,421 -> 557,284
498,772 -> 950,772
202,207 -> 40,45
355,701 -> 892,164
887,869 -> 887,957
205,644 -> 167,644
56,225 -> 158,327
721,491 -> 587,357
631,920 -> 872,920
829,845 -> 886,788
338,909 -> 27,598
845,76 -> 823,54
382,549 -> 382,909
209,656 -> 523,970
547,880 -> 547,982
705,949 -> 705,975
671,399 -> 309,37
952,540 -> 713,301
561,683 -> 670,792
641,545 -> 156,60
92,821 -> 65,794
322,989 -> 291,989
422,729 -> 190,961
245,990 -> 640,990
732,234 -> 732,58
813,298 -> 813,53
677,795 -> 598,716
213,414 -> 88,289
762,834 -> 626,970
815,726 -> 815,781
469,742 -> 875,336
873,690 -> 610,953
384,540 -> 482,540
188,783 -> 135,730
331,882 -> 256,957
955,338 -> 224,338
985,448 -> 985,305
898,669 -> 786,781
374,995 -> 601,995
513,685 -> 925,685
791,995 -> 130,995
872,638 -> 872,91
201,709 -> 201,845
892,398 -> 979,311
879,937 -> 828,988
804,700 -> 306,700
841,283 -> 312,812
507,63 -> 115,63
512,246 -> 512,942
438,87 -> 438,272
510,520 -> 632,520
501,366 -> 193,674
936,846 -> 995,905
598,547 -> 425,720
920,263 -> 974,317
375,353 -> 375,97
578,616 -> 293,616
961,355 -> 999,317
90,353 -> 706,353
71,123 -> 5,57
816,734 -> 999,734
948,634 -> 709,873
183,498 -> 78,393
219,714 -> 94,589
433,97 -> 114,416
823,282 -> 944,403
140,420 -> 140,51
300,228 -> 154,374
938,14 -> 248,14
326,112 -> 264,174
149,82 -> 206,82
726,109 -> 985,109
288,387 -> 658,17
722,146 -> 971,146
30,262 -> 6,262
852,727 -> 359,234
434,104 -> 364,34
458,449 -> 405,396
938,899 -> 300,899
294,275 -> 294,733
163,937 -> 163,1000
461,415 -> 18,858
169,854 -> 802,221
825,28 -> 896,99
516,788 -> 859,445
535,715 -> 620,715
533,7 -> 807,7
843,278 -> 327,278
356,883 -> 52,579
489,672 -> 634,527
670,677 -> 13,20
565,712 -> 565,296
707,604 -> 559,752
112,924 -> 112,993
800,658 -> 878,658
336,120 -> 498,120
338,338 -> 474,474
381,348 -> 381,177
185,414 -> 362,591
271,353 -> 695,777
602,44 -> 578,20
31,565 -> 31,851
672,885 -> 672,604
706,160 -> 706,416
416,767 -> 972,767
614,896 -> 703,985
512,341 -> 775,604
265,301 -> 46,520
514,255 -> 894,635
401,516 -> 561,516
827,742 -> 827,803
393,699 -> 192,900
468,620 -> 579,620
486,755 -> 416,825
433,927 -> 365,995
715,225 -> 545,395
442,796 -> 442,876
256,845 -> 360,845
390,240 -> 390,163
824,880 -> 957,747
337,137 -> 559,359
863,235 -> 863,457
338,242 -> 338,164
116,602 -> 52,538
479,102 -> 390,13
348,317 -> 244,421
239,872 -> 871,240
930,141 -> 930,218
408,718 -> 169,957
399,18 -> 860,479
398,150 -> 108,440
155,389 -> 103,389
161,561 -> 94,494
424,890 -> 424,975
734,756 -> 734,166
584,780 -> 933,431
547,617 -> 547,870
652,635 -> 652,217
748,65 -> 748,9
843,220 -> 843,374
507,793 -> 507,406
881,310 -> 136,310
123,342 -> 77,342
873,368 -> 914,327
385,833 -> 250,833
84,266 -> 22,266
692,613 -> 692,460
20,128 -> 496,128
828,670 -> 700,798
792,622 -> 706,708
428,911 -> 64,547
738,204 -> 834,300
276,504 -> 219,447
624,34 -> 624,969
323,176 -> 877,730
936,211 -> 936,97
555,309 -> 826,580
318,515 -> 919,515
948,400 -> 989,359
64,984 -> 148,984
124,29 -> 337,242
369,369 -> 369,706
299,536 -> 573,810
751,880 -> 673,880
694,830 -> 694,58
458,519 -> 890,519
376,39 -> 414,1
443,230 -> 482,269
681,8 -> 840,8
472,553 -> 334,553
763,169 -> 969,169
133,859 -> 99,859
256,886 -> 355,886
799,104 -> 799,789
983,62 -> 983,793
972,564 -> 644,892
310,80 -> 338,52
693,399 -> 97,399
637,781 -> 555,699
189,421 -> 392,218
733,638 -> 883,788
703,953 -> 703,990
871,495 -> 894,495
454,93 -> 524,23
32,918 -> 32,460
428,559 -> 552,683
5,883 -> 106,984
112,951 -> 740,323
127,457 -> 484,100
684,877 -> 831,730
396,846 -> 450,900
705,219 -> 920,434
310,941 -> 64,941
482,553 -> 249,553
849,293 -> 849,910
806,170 -> 901,170
685,884 -> 786,985
669,685 -> 5,21
889,264 -> 184,969
877,884 -> 877,652
389,202 -> 225,366
924,52 -> 250,726
995,792 -> 823,964
942,130 -> 969,157
572,247 -> 544,219
732,357 -> 622,467
546,170 -> 994,170
654,201 -> 654,862
364,264 -> 124,24
205,159 -> 947,901
858,42 -> 858,403
307,286 -> 267,246
550,731 -> 550,944
342,137 -> 149,137
137,289 -> 61,289
363,663 -> 78,378
748,563 -> 510,801
524,852 -> 604,852
738,162 -> 892,316
84,359 -> 402,359
481,375 -> 252,146
464,595 -> 932,595
484,285 -> 484,614
640,791 -> 386,537
163,587 -> 57,693
321,687 -> 644,364
711,184 -> 556,184
991,544 -> 257,544
290,843 -> 147,843
438,320 -> 438,191
458,751 -> 530,751
582,736 -> 294,736
292,285 -> 292,56
283,457 -> 283,737
26,341 -> 26,395
332,25 -> 332,3
136,666 -> 313,489
162,316 -> 123,316
715,714 -> 715,408
352,717 -> 352,946
630,960 -> 630,997
98,829 -> 11,829
360,347 -> 700,7
15,219 -> 15,126
671,937 -> 612,996
527,611 -> 184,268
568,794 -> 424,794
807,433 -> 374,0
494,800 -> 494,598
697,430 -> 398,131
473,704 -> 1000,704
155,317 -> 103,317
538,493 -> 952,79
530,653 -> 224,653
99,85 -> 7,85
835,936 -> 935,936
788,974 -> 930,974
691,415 -> 403,415
608,179 -> 49,738
554,235 -> 324,5
761,42 -> 670,133
704,33 -> 678,7
599,970 -> 305,970
476,617 -> 432,617
669,403 -> 211,861
348,597 -> 348,976
330,229 -> 239,138
538,510 -> 570,542
380,766 -> 724,766
182,515 -> 80,413
194,854 -> 121,927
597,584 -> 597,311
394,473 -> 872,473
978,373 -> 999,373
574,120 -> 953,499
927,811 -> 927,947
512,788 -> 512,477
204,672 -> 164,632
961,3 -> 208,3
9,441 -> 442,874
108,983 -> 965,126
294,823 -> 230,759
926,343 -> 993,276
978,532 -> 998,552
273,391 -> 80,584
223,152 -> 52,152
624,935 -> 688,999
61,862 -> 20,821
246,732 -> 211,767
272,358 -> 448,182
847,560 -> 957,450
225,610 -> 499,610
930,846 -> 930,608
805,636 -> 805,203
492,127 -> 513,148
272,673 -> 197,748
339,7 -> 157,189
206,498 -> 583,121
918,508 -> 959,467
340,341 -> 383,298
284,840 -> 284,616
181,279 -> 222,238
351,794 -> 299,846
193,559 -> 280,646
771,672 -> 975,876
578,488 -> 134,932
249,985 -> 179,915
321,186 -> 321,149
70,217 -> 22,265
844,207 -> 794,207
2,919 -> 2,973
618,591 -> 522,687
299,52 -> 187,52
922,368 -> 957,368
983,678 -> 153,678
198,511 -> 37,350
817,782 -> 817,668
917,323 -> 296,944
46,841 -> 23,841
826,131 -> 826,165
725,540 -> 983,282
750,61 -> 836,61
448,973 -> 448,996
170,102 -> 89,21
504,705 -> 83,284
23,106 -> 1,84
879,68 -> 665,282
700,580 -> 612,580
373,260 -> 158,260
978,689 -> 877,588
792,70 -> 792,1000
816,331 -> 425,722
517,726 -> 718,927
304,466 -> 304,644
387,382 -> 45,382
569,201 -> 722,354
939,425 -> 203,425
905,975 -> 905,995
229,248 -> 229,120
32,806 -> 11,785
587,332 -> 657,332
89,676 -> 48,676
146,124 -> 146,50
65,52 -> 310,297
432,827 -> 967,292
163,662 -> 214,662
384,640 -> 384,843
106,418 -> 421,418
486,92 -> 687,92
778,915 -> 2,139
323,279 -> 323,493
960,73 -> 921,34
562,944 -> 536,970
194,80 -> 77,197
126,37 -> 278,37
864,729 -> 947,812
535,355 -> 235,355
344,908 -> 287,965
407,388 -> 691,388
857,389 -> 996,389
386,834 -> 386,922
543,82 -> 543,48
979,285 -> 999,265
526,981 -> 739,981
434,681 -> 434,589
260,501 -> 354,501
310,788 -> 331,809
167,157 -> 2,322
623,119 -> 623,16
254,905 -> 254,951
611,245 -> 611,224
921,29 -> 968,76
223,673 -> 884,12
59,478 -> 938,478
343,541 -> 238,646
677,526 -> 307,896
712,466 -> 712,772
440,666 -> 462,688
610,830 -> 515,830
537,194 -> 537,47
737,120 -> 929,312
517,402 -> 289,630
999,956 -> 156,113
238,204 -> 350,316
667,890 -> 561,890
942,59 -> 379,59
320,424 -> 577,167
300,364 -> 170,234
50,186 -> 631,767
881,118 -> 565,434
36,795 -> 540,795
408,31 -> 408,1
571,847 -> 481,937
301,192 -> 196,297
676,769 -> 269,362
143,849 -> 23,729
734,569 -> 271,106
26,411 -> 6,391
589,808 -> 894,503
934,437 -> 934,770
969,798 -> 416,245
405,473 -> 713,473
156,768 -> 32,768
452,804 -> 452,960
355,684 -> 355,495
547,693 -> 358,504
327,942 -> 142,757
636,762 -> 920,762
293,428 -> 132,589
516,437 -> 715,636
360,966 -> 340,986
557,632 -> 557,863
560,337 -> 771,337
192,812 -> 135,869
527,960 -> 527,984
912,238 -> 972,238
955,487 -> 976,508
192,559 -> 192,995
426,738 -> 426,832
525,198 -> 709,198
263,208 -> 203,268
305,738 -> 145,738
554,774 -> 625,845
856,532 -> 856,390
37,111 -> 1,75
864,286 -> 900,286
133,627 -> 100,627
681,581 -> 965,865
593,432 -> 777,248
37,816 -> 258,816
286,573 -> 586,273
231,138 -> 116,23
35,721 -> 7,721
647,213 -> 578,213
794,812 -> 817,812
243,205 -> 290,158
304,850 -> 337,883
729,789 -> 777,837
549,559 -> 549,711
285,799 -> 486,1000
358,553 -> 358,888
598,406 -> 312,406
809,480 -> 161,480
376,897 -> 459,814
795,777 -> 795,126
699,25 -> 679,5
269,690 -> 578,690
161,427 -> 785,427
158,465 -> 43,465
164,488 -> 164,365
475,955 -> 821,609
964,829 -> 964,849
76,446 -> 53,423
329,642 -> 156,815
898,479 -> 759,479
892,102 -> 892,13
490,31 -> 515,6
219,708 -> 219,336
651,96 -> 263,96
171,858 -> 101,858
705,550 -> 452,803
642,579 -> 124,61
434,377 -> 434,715
874,617 -> 144,617
868,575 -> 937,644
955,774 -> 933,774
356,381 -> 356,537
797,262 -> 615,444
501,407 -> 130,36
787,779 -> 315,307
519,922 -> 919,922
482,723 -> 482,833
355,264 -> 355,794
954,430 -> 954,685
856,52 -> 856,418
626,66 -> 155,537
933,890 -> 890,933
887,833 -> 931,877
803,276 -> 844,235
925,589 -> 661,853
113,113 -> 555,555
472,771 -> 472,485
53,574 -> 205,726
834,500 -> 414,80
448,425 -> 448,326
143,768 -> 239,768
253,322 -> 500,75
148,378 -> 43,483
108,484 -> 52,540
589,153 -> 589,82
453,356 -> 241,356
871,484 -> 718,637
312,761 -> 133,761
480,118 -> 364,234
778,31 -> 778,0
371,900 -> 371,360
246,811 -> 830,811
820,709 -> 544,985
276,918 -> 656,918
54,53 -> 54,306
979,875 -> 979,461
454,148 -> 252,148
572,404 -> 708,268
720,364 -> 998,364
167,29 -> 146,8
21,523 -> 272,272
487,960 -> 622,825
126,22 -> 895,791
750,353 -> 657,260
861,238 -> 302,797
9,264 -> 782,264
162,629 -> 249,542
970,957 -> 996,931
510,623 -> 510,743
955,322 -> 675,42
637,576 -> 723,490
95,88 -> 7,0
388,956 -> 349,917
123,944 -> 101,922
932,690 -> 932,714
317,807 -> 467,807
799,113 -> 822,90
321,548 -> 222,449
234,705 -> 949,705
643,272 -> 167,748
468,461 -> 468,53
65,991 -> 20,991
824,582 -> 824,832
687,364 -> 865,364
142,248 -> 82,308
198,914 -> 121,914
230,660 -> 457,887
525,812 -> 525,834
671,123 -> 671,49
269,316 -> 269,37
418,973 -> 444,999
181,122 -> 145,158
380,746 -> 380,282
542,399 -> 542,207
218,655 -> 26,655
719,225 -> 887,225
110,350 -> 883,350
759,269 -> 89,269
617,408 -> 617,102
865,463 -> 918,410
701,525 -> 926,300
831,828 -> 831,868
599,189 -> 688,100
756,83 -> 710,37
220,446 -> 220,69
40,245 -> 3,282
967,45 -> 992,70
945,190 -> 968,167
81,650 -> 146,650
689,200 -> 689,829
958,859 -> 978,859
494,552 -> 273,552
23,125 -> 525,125
443,305 -> 443,357
602,187 -> 775,360
326,369 -> 254,369
774,898 -> 774,921
813,172 -> 75,172
374,269 -> 37,606
182,622 -> 593,211
150,213 -> 77,140
832,809 -> 962,939
71,676 -> 111,716
52,253 -> 52,94
574,496 -> 531,453
716,215 -> 716,69
794,424 -> 903,533
96,86 -> 96,968
955,300 -> 398,300
409,527 -> 409,370
233,27 -> 30,230
216,560 -> 4,348
366,462 -> 307,403
521,278 -> 521,832
740,266 -> 909,97
422,82 -> 386,118
857,956 -> 885,984
642,870 -> 642,899
817,42 -> 840,19
906,610 -> 709,807
898,680 -> 506,288
146,834 -> 46,934
718,690 -> 584,690
623,110 -> 543,30
308,782 -> 922,782
658,941 -> 4,941
812,748 -> 572,508
722,913 -> 267,458
175,591 -> 524,591
174,581 -> 66,689
527,578 -> 9,578
170,785 -> 138,817
350,936 -> 230,816
629,630 -> 855,630
707,799 -> 672,834
381,826 -> 477,922
513,598 -> 55,140
810,653 -> 810,556
993,729 -> 993,791
823,889 -> 823,913
415,199 -> 415,92
533,321 -> 951,321
919,672 -> 976,729
811,511 -> 556,256
338,949 -> 997,949
138,355 -> 497,355
790,45 -> 33,802
291,675 -> 325,641
314,212 -> 245,212
598,199 -> 152,199
205,255 -> 298,162
456,909 -> 818,909
480,737 -> 207,464
368,223 -> 841,223
938,195 -> 499,634
74,847 -> 47,847
71,317 -> 71,232
592,704 -> 794,704
366,703 -> 132,469
199,634 -> 199,821
314,498 -> 768,44
866,504 -> 582,788
73,929 -> 29,973
15,242 -> 720,947
151,300 -> 151,75
282,718 -> 306,694
114,98 -> 114,381
786,306 -> 342,750
192,541 -> 247,541
817,930 -> 817,849
263,543 -> 117,543
77,95 -> 240,95
942,510 -> 666,234
445,520 -> 736,520
254,237 -> 382,365
590,821 -> 473,938
595,665 -> 535,605
820,719 -> 256,719
487,265 -> 222,0
581,872 -> 987,466
719,464 -> 931,676
443,908 -> 572,779
453,724 -> 453,610
710,820 -> 825,935
929,506 -> 898,506
674,63 -> 100,637
834,162 -> 834,375
619,195 -> 703,111
97,436 -> 70,436
305,845 -> 305,677
795,257 -> 959,421
816,286 -> 322,286
825,352 -> 367,352
663,657 -> 522,516
324,936 -> 438,936
87,179 -> 787,879
990,810 -> 69,810
581,685 -> 581,717
654,189 -> 502,37
915,828 -> 823,736
854,732 -> 930,808
851,768 -> 806,723
503,377 -> 311,377
363,841 -> 17,495
738,35 -> 626,35
760,609 -> 760,985
238,579 -> 96,721
871,263 -> 699,91
524,475 -> 524,889
578,99 -> 139,99
405,828 -> 405,848
445,203 -> 566,203
146,69 -> 176,39
113,855 -> 626,342
575,531 -> 518,474
156,121 -> 177,100
110,21 -> 30,101
937,761 -> 260,84
301,92 -> 271,92
66,970 -> 20,970
631,443 -> 67,443
294,943 -> 86,943
68,714 -> 125,771
612,599 -> 649,636
350,130 -> 350,200
965,544 -> 599,178
500,655 -> 228,927
358,876 -> 259,777
265,210 -> 265,92
655,40 -> 655,416
34,366 -> 13,387
324,105 -> 353,134
209,668 -> 209,598
226,831 -> 101,706
390,554 -> 445,609
332,294 -> 357,319
758,271 -> 910,119
788,600 -> 788,480
913,224 -> 970,281
688,178 -> 726,140
362,570 -> 916,570
459,559 -> 39,979
438,892 -> 593,737
272,579 -> 272,678
224,424 -> 500,700
803,511 -> 803,902
528,553 -> 528,133
779,66 -> 471,374
212,683 -> 14,881
45,454 -> 359,140
692,638 -> 275,638
413,396 -> 413,551
979,48 -> 1000,48
715,471 -> 715,650
548,654 -> 456,654
787,443 -> 333,897
514,828 -> 304,828
587,126 -> 587,104
424,854 -> 424,572
865,93 -> 814,144
187,460 -> 67,580
850,526 -> 921,455
5,708 -> 271,974
143,413 -> 3,553
349,751 -> 349,227
799,207 -> 966,40
637,276 -> 108,805
981,439 -> 341,439
500,790 -> 630,920
455,760 -> 409,760
245,761 -> 27,543
262,656 -> 561,955
951,192 -> 870,273
359,529 -> 10,180
665,715 -> 665,405
497,632 -> 447,582
591,453 -> 773,635
333,651 -> 646,964
714,467 -> 949,232
140,469 -> 39,368
621,766 -> 511,656
187,832 -> 721,832
501,70 -> 501,0
6,396 -> 6,258
475,952 -> 442,985
648,903 -> 928,623
408,649 -> 247,488
230,43 -> 230,794
633,830 -> 308,830
412,838 -> 412,284
378,513 -> 118,253
778,468 -> 928,468
745,233 -> 597,381
184,749 -> 155,749
564,446 -> 848,446
207,273 -> 679,273
221,634 -> 497,910
312,562 -> 312,172
474,128 -> 3,128
95,109 -> 95,28
945,522 -> 996,471
300,106 -> 803,106
710,421 -> 710,513
966,454 -> 992,428
554,869 -> 554,5
455,632 -> 41,632
711,817 -> 541,987
229,747 -> 229,609
824,949 -> 788,985
540,861 -> 477,924
44,354 -> 8,390
940,218 -> 636,218
745,582 -> 745,887
498,129 -> 804,435
353,711 -> 353,558
360,950 -> 399,989
191,75 -> 857,75
393,160 -> 22,160
635,874 -> 986,874
450,20 -> 450,931
164,601 -> 54,491
302,662 -> 302,863
884,753 -> 609,478
384,364 -> 6,742
422,251 -> 17,251
213,769 -> 371,611
299,384 -> 521,162
187,346 -> 187,262
58,833 -> 58,997
167,129 -> 137,129
77,344 -> 77,55
286,6 -> 734,454
810,56 -> 856,10
508,838 -> 883,463
395,173 -> 559,9
322,419 -> 544,197
909,437 -> 974,502
966,481 -> 966,339
525,662 -> 525,951
772,624 -> 772,917
978,762 -> 978,19
84,113 -> 940,113
163,730 -> 163,828
966,630 -> 731,865
725,7 -> 55,7
961,817 -> 485,817
24,231 -> 2,253
765,718 -> 765,586
739,577 -> 739,514
382,235 -> 382,32
697,701 -> 246,701
688,838 -> 844,838
393,614 -> 242,463
252,341 -> 427,516
894,559 -> 634,819
240,55 -> 63,232
597,951 -> 749,799
944,335 -> 993,286
464,745 -> 312,897
16,181 -> 416,581
667,278 -> 932,13
385,296 -> 385,780
823,683 -> 683,823
632,322 -> 269,322
276,882 -> 86,882
62,739 -> 13,739
473,923 -> 696,923
864,443 -> 811,496
507,913 -> 655,765
488,49 -> 679,240
349,288 -> 595,534
904,377 -> 498,377
350,956 -> 328,978
292,626 -> 292,852
497,275 -> 772,0
176,791 -> 27,940
136,649 -> 96,649
692,417 -> 479,204
278,287 -> 225,234
426,303 -> 426,251
40,318 -> 3,355
760,934 -> 593,767
89,173 -> 26,173
730,955 -> 537,955
651,38 -> 676,13
786,211 -> 786,270
364,138 -> 500,138
500,151 -> 500,824
112,40 -> 175,103
97,360 -> 35,422
294,848 -> 324,848
605,964 -> 285,964
693,770 -> 574,889
981,594 -> 751,824
135,960 -> 41,866
624,874 -> 539,959
452,456 -> 803,807
697,245 -> 673,221
480,841 -> 590,951
653,78 -> 621,46
555,794 -> 288,527
198,433 -> 173,408
1000,28 -> 1000,356
31,704 -> 31,822
152,852 -> 96,908
929,24 -> 929,223
489,802 -> 344,657
287,801 -> 153,935
194,953 -> 194,395
419,668 -> 952,135
515,808 -> 85,378
761,168 -> 761,105
417,664 -> 417,818
799,239 -> 799,67
217,566 -> 263,566
452,213 -> 591,213
451,195 -> 283,27
497,704 -> 373,704
358,523 -> 713,168
94,68 -> 920,68
142,50 -> 103,11
241,207 -> 241,230
117,886 -> 117,211
86,841 -> 25,780
341,386 -> 341,623
969,427 -> 997,455
972,524 -> 623,873
504,718 -> 185,399
915,610 -> 915,826
445,902 -> 445,983
212,161 -> 212,646
242,379 -> 994,379
919,325 -> 980,325
39,785 -> 179,925
216,118 -> 216,70
612,202 -> 612,713
883,581 -> 495,969
847,970 -> 847,410
827,426 -> 645,244
801,226 -> 801,387
12,951 -> 136,951
675,569 -> 914,330
954,550 -> 1000,596
698,292 -> 916,510
918,644 -> 727,835
458,929 -> 458,955
670,837 -> 670,155
452,599 -> 452,220
414,985 -> 174,745
397,347 -> 397,33
792,834 -> 792,949