71,35,7,88,69,98,13,54,96,78,72,49,65,94,37,12,19,38,41,85,39,97,61,17,74,21,82,77,80,50,25,22,87,2,36,68,66,56,14,34,42,63,1,10,59,44,55,29,64,60,83,70,31,16

 1 39 83 37 56
68 74 19 97 44
78 25  7 98 72
35 21 34 64 22
87 60 10 65 94

94  7 13 39 54
78 98 80 55 21
56 16 68 69 34
61 29 42 10 85
36 74  2 96 22

71 88 39 35 10
70  1 97 36 38
41 12 34 31 85
49 54 16 65 64
44 68 77 98 78

72 49 42 94 14
17 61 21 60 82
29 56 74 66 36
38 80 34 54 97
22 88 83 77 55

96  2 70 59 94
83 31 65 98 71
78 16 97 25 56
64 38 72 37 10
22 42 44 55 39

71 64 98 34 50
96 17 83 42 80
68 12 31 19 36
25 70  1 54 29
49 37 97 61 63

 7 85 82 21 19
70 80 14 60 44
50  2 38 29 16
96 36 83 59 12
10 64 88 61 37

29 37 10 38 21
71 25 41 34 42
16 70 82 54 17
39 36 13 97 74
80 88 77 35 85

19 36 82 69 38
97 72 94 41 60
74  1 17 31 64
35 88 29 87 55
71 39 77 65 96

64 97 29 69 10
80 19 56 87 78
85 71 96 35 50
44 59 39 55 61
17 65 37 54 22

 2 74  7 14 34
31 94 39 98 13
85 17 35 25 64
42 22 68 10 88
66 97 71 82 61

96 22 49 36 50
98 31  2 34 12
65 69 72 88 78
63 59 94 68 16
61 25 87 37  7

55 98 94 54 88
78 16 34 44 61
59 41 63 50 69
29 70 80  1 71
14 77 36 35 19

44 61 36 70 12
94 80 83 71 50
60  1 72 16 64
21 85 10 29 34
63 54 55 42 98

37 13 16 21 35
69 50 22 56 63
25  7 36 12 68
31 88 44 70 61
10 87 98 39 82

19 37 80 82 72
10 88 85 49 60
77 74  2 59 34
87 69 97 21  1
66 71 36 13 96

16 65 55 54  2
14 80 71 83 10
70 13 66 36 74
50 63 78 56 17
49 88 96 21 44

83 22 70 25 60
72 98 35 77 69
16 34 71 21 39
38 64 10  2 88
14 55  1 49 17

63 35 19 69 12
77 36 31 65 82
64 59 38 10 39
50 88 42 55 29
94 25 70 61 41

22 97 35 55 88
85 38 80 21 31
49 12 94 10 25
50 65 60 61  2
98  7 39 78 68

71 87 78 50 19
77 34 37 31 98
65 80 97 17  1
59 22  7 41 21
69 39 70 14 54

39 29 59 42 21
34 66 13 87 35
50 98 63 12 41
55 70 60 54 10
38 44 16 22 82

98 85 16 71 31
49  2 66 17 34
80 69 14  7 83
88 10 70 78 35
97 13 96 94 56

83 80 59 41 22
54 13 34 82 68
12 49 56 37 78
14 16 61 85 97
65 94 42 44 29

22 39 14 87 34
38 70 21 12 56
 7 54 19  2 37
77 94 29 66 16
96 88 25 72 64

68 70 16 13 36
97 88 64 37 42
54  7 35 21 22
19 14 39 72 87
98 25 85 63 82

63 17 39 83 31
 2 82 85 42 59
55 29  1 36 50
65 60 98 64 13
 7 54 16 71 12

98 55 72 35 56
82 64 42 94 96
 1 13 54 25 87
77 50 66 69 74
29 59 68 70 41

80 16 29 64 98
68 70 37 12 54
21 63 31 72 88
78 39 82  1 69
55 60 56 65 19

38 71 37 16 94
87 88 10 42 21
29 13 60 68 12
54 41 56  2 25
70 78 80 17 69

44 56 25 22 60
78 42 85 71 97
55 21 31 80 36
17 41 65 35 14
82 34 13 61 37

19 72 12 35 21
96  7 88 38  2
44 80 74 10 97
68 82 37 59 98
39 56 65 22 78

21 94 96 12 82
 2 78 85 77 60
38 64 97 59 39
49 14 68 66 13
80 54 71 42  1

31 59  1 85 25
70 44 19 97 60
34 72 74 50 87
13 65 56 98 41
94 39 16  2 35

37 70 10 21  7
97 59 63 77 74
61 14 66 12 60
71 83 36 98 29
 2 56 78 87 96

 2 55 71 12 37
10 50 39 25 78
80 83 19 94 72
96 13  1 98 42
14 41 36 69 64

98 13 65 74 14
61 78 96 31 82
49  7 56 71 83
 1 25 44 85 66
54 21 50 41 17

96 61 88 31 94
39 63 83 69 68
64 16 19 41 65
42 87 55 50 36
98 38 80 77 34

72 44 68 65 37
66 98 25 85 36
94 64 31 54 29
97 55 34 38 77
88 22 10  2 87

49 82 65 21 63
97  7 35 42 36
55 25 10 98 78
88 38 13 69 17
96 68 12 16 87

98 97 34 65 83
96 50 63 60 42
39 37 25 74 22
19 70 35 82 13
69 54 71 66 61

55 74 63 98 21
 7 35 38 25 97
37 65 49 34 44
68 54 13 39 96
41 59 10 94 16

31 41 29 96 72
68 42 80 70 39
65 71 36  1 21
10 19 49 98 64
82 12 97 38 37

66 35 74  2 49
60 44 42 94 72
56 22 54 37  1
78 12 34 50 10
31 38 29 41 55

50 10 94 37  1
 7 41 38 64  2
56 49 96 44 72
87 66 12 22 71
31 82 83 77 19

35 60 55 85 14
37 41  2 96 54
34 12 83 82 65
13  7 25 17 80
38 63 21  1 71

50 22  1 21 25
88 10 59 85 12
31 94 70 14 36
68 98 65 35 16
54 80 83 61 41

70 65 39 72 71
12 34 50 82 98
96 14 49 87  7
19 97 31 64 36
37 88 80 41 21

 1 88 25 77 82
55 94 64 59 36
70 38 54 60 41
44 19 31 12 71
68  2 56 65 83

97 31 16 22 35
29 85 38  2 56
41 61 17 19 39
64 72 94 77 49
69 13 12 96 42

49 12 22 78 38
77 35 60 65 19
74 10 94 39 59
69 25 80  1  7
31 82 44 87 55

66 74 38 69 50
71 98 65 36  2
 1 49 12 88 63
10 22 59 64 60
25 17  7 56 14

66 17 63 61 10
 7 50 74 70 13
16 31 56 34 97
85 78 44 68 42
38 55 59 54 60

56 36 74 87 29
10 66 64 94 97
59 96 85 38 65
88 44 54 25 37
13 78 71 17 21

56 83 39 80 64
50 54 77 69 65
98  7 22 44 17
66 13 61 70 78
72 41 82 49 88

14 98 85 82 50
 2 61 54 88 83
42 36 12 72 77
35 78 96 65 71
10 49 19 38 16

49 68 14 60 42
66 94 82 74 21
31 98 63  2 87
64 78 83 50 36
69 56  7 55 16

34 66 29 69 14
22 94 88 41 37
97 35 38 36 82
42 87 56 85 25
83 55 17 31 60

65 85 83  7 59
80 10 42  2 70
34 69 49 72 61
88 98 17 39 13
55 22 77 16 60

64 80 69 71 70
41 29 35 16 61
83 68 82  2 72
66 44 39 22 56
 7 54 78 13 60

31 97 59 87 55
50 19 61 88 35
71 13 72 98 17
12 21 25 38 68
29 74 96 22 36

78  2 98 74 59
50 39 85 29 94
60 49 22 37 14
54 42 71 41 10
80 56 69 65 63

87 31 50 64 71
59 25 94 97 82
17 16 56 66 60
78 14 61 10 55
19 44 70 35 12

56  2 29 63 38
35 25 10 17 69
74 97 14 87 55
39 41 70 44 22
16 64 13 80 94

41 56 74 65 44
 1 50 19 31  2
70 98 61 36 66
63 37 34 35 59
29 85 14 42 10

66 17 56 63 31
42 37 85 82 72
55 59 71 74 64
68 60 83 19 87
13 21 97 70 44

80 70 37 61 13
44  2 41 71 77
66 19 63 60 98
55 16 12 78 34
10 82 64 50 87

63 97 98 66 88
13 78 41 25 17
10 39 71 82 19
35 38 29 70 65
55 96 83 37 59

25 94 72 41 50
80  1 61 66 14
83 68 98 77 56
74 64 13 70  7
36 10 54 38 42

85 49 69 87 64
17 94 65 98 59
39 71 21 61  1
70 44 10 19 36
74 13  7 14 96

55 77 25 49 87
66 78 83 35 14
85 97 80 19 42
98 54 50 44 16
82 17 72 10 60

66 64 74 56 80
39 85  1 94 78
36 77 34 41  7
22 68 44 69 55
25 29 16 71 96

13 22 69 64  1
77 60 34 17 72
41 50 36 55 65
70 82 49 14 87
71 68 37 94 19

80 42 54 31 96
34 55 85  2 22
65 66 72 61 36
38 83 21  7 64
60 70 71 87 82

94 36 17 77 72
66 19 42 31 61
 2 68 98 87 56
22 29 10 88 38
16 41 12 13 34

82 16 38 39 85
31 49 29 69 60
71 50 25 44 94
17 34 72 96 12
35 22 98 77 65

44 12 68 97 94
35 72 74 39 70
56 14 55 42 77
60 49 34 19 59
80  7 13 85 83

60 96 65 55 29
72 94 34 87 59
42 69 56 41 97
70 31  2 63 80
83 21 54 74 10

54 41 66 59 64
65 49 42 98 13
80 88 22 37 29
31  7 61 25 55
50 78  2 71 12

 1 97 78 44 77
50 21 82 98 22
14 72 54 34 29
31 83 71 63 64
42 39 94 61 55

55 70 98 68 87
35 50 10 17 64
59 69 16 80 29
71 13 36 63 66
78 77 19 12  1

96 70 74 17 35
42 14 29 69 56
72 65 68 37 10
25 16 22 60 54
87 66 83 36 61

69 31 42 37 70
12 96 65 10 16
41 85 39 71  7
50 66 63 88 98
64 60 97 87 19

88 29 63 37 21
78 94 87 59 12
39 10 25 34 69
96 19 38 70 97
17 50 65 77 85

 7 64 72 50 97
39 61 41 60 70
16 98 63 36 13
 2 21 14 66 80
94 29 37 77 85

59 10 38 63 70
94 88 42 35 85
13 97 19 87 77
34 44 64 25 71
56 55 22 68 65

77 85 59 39 87
96 41 38 98 68
19 29 16 74 66
13 83 69 56 50
78 42 34 72 21

25 60 36 35 19
 7 14 29 41  1
65 68 21 44 42
56 63 71  2 88
85 50 97 55 70

 2 98 63 78 85
13 71 82 88 50
31 70 36 42 80
41 54 35  1 66
72 64 25 83 60

50 31 12 29 88
85 49 74 63 68
71 35 16 96 82
10 55 21 41 17
60 61 19 42 83

72  1  2 59 29
94 49 55 77 37
80 97 34 12 10
39 69 14 19 87
78 31 56 83 68

77 36 17 35 65
85 61 21 59 64
 2 34 71 68 69
56 72 12 16 25
44 54  1 10  7

19 29 38 87 41
36 14 65 34 21
78 85 49 16 88
12 61 71 59 83
96 37 60 64 68

29 16  2 88 83
14 68 72 34 63
38 31 70 25 56
41 82 50 96 37
22 71 69 61 54