541,755 -> 541,289
379,316 -> 230,167
420,452 -> 420,94
622,681 -> 758,681
79,327 -> 58,348
373,191 -> 220,38
391,313 -> 253,313
309,422 -> 97,634
955,465 -> 955,933
575,626 -> 107,626
447,429 -> 447,59
639,785 -> 639,258
234,467 -> 234,856
992,640 -> 853,779
381,122 -> 381,549
717,455 -> 541,279
234,485 -> 413,485
687,639 -> 76,639
10,305 -> 634,305
220,472 -> 200,452
958,819 -> 958,947
846,130 -> 846,317
726,119 -> 726,40
525,592 -> 97,592
178,147 -> 303,22
260,977 -> 238,999
451,773 -> 202,524
367,300 -> 556,300
315,865 -> 94,865
909,387 -> 909,810
758,644 -> 758,79
561,645 -> 705,789
146,482 -> 125,482
257,55 -> 257,949
477,583 -> 945,115
122,188 -> 122,793
755,485 -> 782,485
424,764 -> 299,639
385,801 -> 635,801
614,187 -> 264,187
963,700 -> 580,317
414,345 -> 414,145
538,602 -> 558,602
745,237 -> 745,721
44,322 -> 424,702
311,414 -> 311,618
527,698 -> 527,411
130,924 -> 194,988
449,411 -> 576,538
230,560 -> 591,560
378,530 -> 470,622
290,941 -> 290,970
194,984 -> 114,904
641,527 -> 726,527
166,24 -> 166,0
321,652 -> 105,652
491,146 -> 552,85
575,980 -> 851,980
72,620 -> 214,478
251,883 -> 251,706
828,824 -> 453,824
627,414 -> 627,986
171,259 -> 644,259
156,292 -> 396,52
381,96 -> 452,25
679,17 -> 242,454
493,926 -> 493,982
941,299 -> 986,254
28,327 -> 2,353
60,819 -> 12,867
832,971 -> 811,992
815,484 -> 815,106
920,836 -> 887,869
454,256 -> 74,636
305,390 -> 305,504
542,735 -> 658,851
718,717 -> 718,826
507,303 -> 658,303
178,191 -> 310,59
931,926 -> 569,926
801,564 -> 822,564
318,428 -> 318,50
834,229 -> 737,132
768,236 -> 768,724
983,938 -> 885,840
790,6 -> 924,140
760,530 -> 800,490
196,861 -> 114,779
355,245 -> 422,178
299,336 -> 61,574
490,109 -> 940,109
894,543 -> 981,456
262,438 -> 129,571
270,975 -> 967,278
301,956 -> 247,956
663,920 -> 104,920
263,390 -> 263,734
713,601 -> 115,3
139,385 -> 115,409
923,896 -> 969,850
171,505 -> 98,432
781,814 -> 812,845
999,590 -> 909,500
81,9 -> 42,9
291,342 -> 291,232
759,413 -> 759,99
108,798 -> 68,798
928,216 -> 961,216
92,798 -> 184,706
827,666 -> 649,666
857,682 -> 989,814
301,967 -> 510,967
465,431 -> 997,963
303,720 -> 474,891
24,73 -> 24,1
356,632 -> 864,632
128,215 -> 92,251
617,51 -> 575,9
151,336 -> 567,752
726,317 -> 790,381
630,927 -> 575,982
84,603 -> 19,668
470,790 -> 856,790
531,651 -> 604,578
736,510 -> 736,952
226,612 -> 43,795
406,992 -> 209,795
373,701 -> 577,905
118,297 -> 118,691
978,839 -> 624,485
922,727 -> 699,950
620,194 -> 620,610
401,540 -> 401,742
863,208 -> 198,873
846,701 -> 1000,701
518,573 -> 480,535
637,549 -> 691,549
650,404 -> 482,404
178,864 -> 8,694
300,360 -> 227,360
733,570 -> 985,822
158,6 -> 14,6
145,347 -> 145,327
68,917 -> 21,964
875,135 -> 955,135
356,48 -> 209,48
469,588 -> 829,948
98,134 -> 98,91
478,204 -> 274,204
600,67 -> 664,3
325,699 -> 205,819
670,866 -> 353,549
618,513 -> 822,717
724,137 -> 724,38
846,767 -> 635,556
348,944 -> 109,944
26,27 -> 2,51
58,308 -> 58,708
175,956 -> 117,898
393,709 -> 329,645
507,814 -> 713,608
63,76 -> 63,935
892,296 -> 892,131
52,383 -> 29,406
374,434 -> 113,695
355,394 -> 682,721
568,250 -> 793,475
857,957 -> 338,438
85,716 -> 17,784
848,622 -> 892,578
480,976 -> 480,996
871,984 -> 995,984
422,671 -> 251,671
580,132 -> 703,9
745,620 -> 745,60
427,199 -> 427,75
14,555 -> 407,948
72,441 -> 367,736
651,324 -> 809,166
936,557 -> 936,836
478,400 -> 89,400
357,387 -> 940,970
614,978 -> 614,999
381,662 -> 493,662
820,964 -> 820,984
967,936 -> 907,996
491,374 -> 292,374
407,120 -> 30,497
344,874 -> 223,995
303,598 -> 631,926
229,109 -> 229,32
244,41 -> 185,41
494,957 -> 526,989
611,56 -> 559,4
591,301 -> 37,301
956,460 -> 550,54
622,813 -> 622,52
693,645 -> 997,949
937,229 -> 965,257
419,914 -> 484,979
820,118 -> 880,58
444,416 -> 444,625
181,359 -> 60,238
116,162 -> 116,133
497,995 -> 64,995
890,801 -> 962,729
455,269 -> 455,99
753,42 -> 753,21
477,692 -> 352,692
675,131 -> 675,107
494,472 -> 494,397
252,429 -> 252,943
694,902 -> 694,972
261,394 -> 1,394
343,797 -> 871,797
342,386 -> 806,850
584,832 -> 517,765
716,128 -> 716,599
726,489 -> 864,489
189,539 -> 227,577
263,276 -> 66,79
572,197 -> 293,476
586,997 -> 586,22
924,438 -> 924,315
847,721 -> 985,583
698,424 -> 970,424
165,237 -> 309,93
390,741 -> 543,894
633,282 -> 781,430
858,861 -> 858,991
88,325 -> 34,325
197,242 -> 173,218
140,828 -> 140,664
987,393 -> 821,227
953,169 -> 807,23
802,313 -> 743,372
688,736 -> 925,736
671,740 -> 729,682
917,157 -> 917,198
4,581 -> 167,744
78,232 -> 78,183
403,799 -> 403,736
494,362 -> 287,569
513,411 -> 381,411
55,799 -> 4,748
424,800 -> 229,605
242,945 -> 384,803
237,794 -> 284,794
656,548 -> 379,271
826,347 -> 826,71
558,186 -> 36,708
991,323 -> 851,463
430,847 -> 430,301
510,360 -> 769,619
236,590 -> 36,390
809,18 -> 980,18
450,791 -> 547,888
411,346 -> 686,346
438,513 -> 438,97
238,366 -> 737,366
724,826 -> 869,681
22,526 -> 372,876
189,148 -> 189,397
565,360 -> 811,606
125,536 -> 76,487
212,785 -> 23,785
461,383 -> 924,846
725,57 -> 689,21
917,275 -> 978,214
469,550 -> 649,370
451,197 -> 451,493
986,950 -> 986,974
607,29 -> 632,4
715,949 -> 715,970
443,272 -> 443,46
28,27 -> 28,6
577,470 -> 137,910
409,631 -> 409,889
913,227 -> 935,249
212,937 -> 181,937
140,94 -> 117,71
928,135 -> 997,204
690,676 -> 823,809
957,368 -> 222,368
717,755 -> 717,840
915,709 -> 985,639
621,180 -> 494,53
704,661 -> 704,15
453,611 -> 116,611
427,121 -> 335,29
838,707 -> 593,707
988,979 -> 17,979
922,387 -> 873,338
265,278 -> 147,160
866,123 -> 953,210
296,808 -> 54,566
944,974 -> 920,998
683,732 -> 683,930
940,46 -> 998,46
618,670 -> 921,670
661,322 -> 893,322
342,871 -> 815,398
573,874 -> 573,911
637,394 -> 707,464
552,89 -> 821,89
132,953 -> 100,985
976,457 -> 997,436
388,287 -> 136,35
357,40 -> 391,6
556,147 -> 336,147
368,447 -> 388,467
245,124 -> 743,124
703,917 -> 754,866
239,344 -> 239,195
158,575 -> 137,596
624,133 -> 240,517
971,328 -> 788,145
58,484 -> 58,11
979,660 -> 999,660
945,667 -> 999,721
243,880 -> 243,505
910,379 -> 953,379
110,187 -> 110,151
161,836 -> 413,836
745,457 -> 779,457
123,219 -> 100,219
389,258 -> 54,258
372,498 -> 813,498
158,670 -> 407,421
738,418 -> 611,418
910,406 -> 910,851
227,740 -> 725,242
50,177 -> 170,57
797,808 -> 963,808
331,789 -> 331,870
868,507 -> 935,574
109,484 -> 43,550
160,901 -> 81,980
497,783 -> 320,783
222,70 -> 62,230
797,253 -> 921,129
873,744 -> 996,621
27,626 -> 27,860
577,36 -> 577,14
999,658 -> 999,603
193,484 -> 193,740
345,486 -> 167,664
977,889 -> 172,84
428,57 -> 626,255
678,443 -> 617,504
692,58 -> 748,2
388,209 -> 971,209
582,199 -> 491,199
613,461 -> 811,263
442,397 -> 179,660
573,562 -> 49,38
519,548 -> 970,548
594,107 -> 287,414
412,709 -> 143,440
433,727 -> 299,727
392,202 -> 392,56
542,870 -> 71,870
373,874 -> 258,989
918,847 -> 836,929
81,288 -> 81,829
59,642 -> 27,642
961,701 -> 996,666
768,130 -> 743,105
835,541 -> 792,498
747,52 -> 501,298
489,107 -> 129,107
294,131 -> 294,280
367,287 -> 156,76
93,441 -> 552,900
356,613 -> 408,665
554,243 -> 815,504
686,691 -> 880,497
560,183 -> 487,110
150,680 -> 150,334
554,662 -> 554,910
481,691 -> 410,691
968,14 -> 968,521
515,953 -> 515,999
211,923 -> 243,955
305,391 -> 432,518
870,589 -> 870,796
75,905 -> 706,905
641,409 -> 238,409
234,757 -> 234,311
95,184 -> 9,98
553,718 -> 553,678
843,809 -> 210,809
504,101 -> 504,8
831,141 -> 682,141
380,158 -> 927,158
868,696 -> 421,696
152,198 -> 152,43
823,16 -> 866,59
230,688 -> 0,918
703,174 -> 703,682
825,235 -> 938,348
861,777 -> 918,777
338,450 -> 317,429
81,959 -> 8,886
820,536 -> 535,821
717,753 -> 598,872
569,834 -> 391,834
859,206 -> 356,206
81,193 -> 81,143
965,472 -> 993,444
911,600 -> 520,991
259,26 -> 184,26
655,521 -> 655,840
204,484 -> 131,411
113,286 -> 113,92
13,378 -> 314,77
605,993 -> 702,896
401,354 -> 335,420
519,549 -> 206,236
11,442 -> 608,442
392,159 -> 392,113
806,57 -> 833,30
329,119 -> 271,119
505,437 -> 505,575
355,496 -> 657,798
980,100 -> 800,280
161,23 -> 138,0
838,246 -> 659,67
781,872 -> 781,902
941,379 -> 941,493
629,857 -> 557,929
279,106 -> 167,106
703,834 -> 703,974
610,211 -> 610,94
723,618 -> 948,393
781,38 -> 781,5
307,50 -> 141,216
223,915 -> 91,915
847,606 -> 21,606
611,999 -> 808,802
515,80 -> 588,7
346,10 -> 346,750
687,709 -> 724,709
115,779 -> 13,881
42,464 -> 42,784
402,502 -> 669,235
295,668 -> 295,333
77,560 -> 455,182
866,70 -> 866,36
583,24 -> 583,3
428,785 -> 535,892
395,733 -> 465,733
138,670 -> 236,768
872,571 -> 648,347
420,786 -> 258,624
534,701 -> 685,550
264,434 -> 220,434
730,505 -> 232,505
623,957 -> 623,979
231,800 -> 231,732
835,727 -> 641,533
347,541 -> 104,541
620,392 -> 620,306
373,167 -> 515,25
202,147 -> 278,71
290,828 -> 290,367
375,492 -> 110,492
624,152 -> 961,152
262,489 -> 346,573
41,494 -> 41,26
191,468 -> 38,621
56,498 -> 56,228
566,805 -> 566,850
560,549 -> 220,209
805,472 -> 436,103
592,602 -> 845,855
193,736 -> 973,736
276,238 -> 77,238
126,674 -> 126,643
899,159 -> 324,159
150,972 -> 150,903
949,223 -> 362,810
201,777 -> 150,828
559,776 -> 559,234
762,631 -> 301,170
154,889 -> 312,731
512,143 -> 112,543
536,78 -> 536,977
488,329 -> 928,329
236,579 -> 521,864
312,372 -> 516,168
277,567 -> 83,761
770,120 -> 814,164
523,341 -> 472,392
266,173 -> 94,1
798,479 -> 446,127
522,207 -> 522,713
355,231 -> 26,560
508,930 -> 76,930
585,330 -> 585,116
352,522 -> 60,522
620,420 -> 620,916
945,940 -> 989,984
590,447 -> 743,447
288,155 -> 266,155
521,565 -> 521,615
265,947 -> 75,947
345,150 -> 510,150
748,938 -> 775,965
270,79 -> 686,79
781,110 -> 860,31
482,673 -> 482,960
602,64 -> 362,64
254,476 -> 668,476
89,675 -> 8,594
588,229 -> 466,107
404,931 -> 432,959
880,450 -> 996,450
110,490 -> 110,347
594,463 -> 74,463
699,689 -> 699,823
399,437 -> 281,319
41,529 -> 41,30
419,802 -> 240,981
364,147 -> 364,0
961,700 -> 846,815
946,131 -> 846,31
230,628 -> 595,993
478,445 -> 258,445
214,231 -> 790,231
562,697 -> 515,697
794,517 -> 711,600
137,798 -> 137,989
539,482 -> 567,510
374,67 -> 436,5
112,254 -> 358,500
472,928 -> 408,992
139,580 -> 688,31
811,864 -> 910,963
645,915 -> 604,956
120,563 -> 74,517
569,706 -> 439,836
229,678 -> 229,846
603,126 -> 683,46
588,94 -> 588,73
627,227 -> 627,60
995,702 -> 995,612
773,416 -> 773,179
732,864 -> 732,990
809,893 -> 897,805
286,634 -> 101,634
317,755 -> 923,755
290,578 -> 363,651
99,238 -> 36,175
88,787 -> 88,996
42,103 -> 18,127
346,752 -> 200,606
792,122 -> 890,24
425,221 -> 311,221
101,373 -> 101,588
283,851 -> 37,851
610,570 -> 610,600
490,854 -> 490,962
956,787 -> 956,671
620,737 -> 620,865
865,837 -> 409,381
851,354 -> 851,198
554,499 -> 990,63
1,745 -> 1,182
458,804 -> 76,422
509,446 -> 432,369
923,248 -> 683,8
604,600 -> 733,729
850,602 -> 531,602
805,686 -> 805,648
633,544 -> 633,169
369,124 -> 294,49
726,991 -> 434,991
758,598 -> 520,836
114,960 -> 90,984
984,426 -> 681,729
546,538 -> 204,880
983,60 -> 983,39
581,351 -> 581,267
834,332 -> 953,213
154,690 -> 70,606
315,755 -> 33,755
225,113 -> 225,507
295,835 -> 234,835
365,770 -> 76,770
437,45 -> 482,0
149,142 -> 8,283
574,743 -> 776,945
354,85 -> 448,179
927,360 -> 927,919
72,249 -> 33,210
28,955 -> 3,980
502,327 -> 910,735
698,402 -> 217,402
427,633 -> 644,850
327,841 -> 933,841
380,634 -> 522,776
667,665 -> 531,801
32,384 -> 10,384
527,242 -> 560,275
244,251 -> 40,455
365,78 -> 342,101
312,122 -> 998,122
923,248 -> 321,850
799,137 -> 100,137
301,457 -> 301,78
817,887 -> 817,963
509,830 -> 637,830
560,422 -> 141,3
869,386 -> 869,569
305,579 -> 103,377
41,913 -> 41,456
917,797 -> 648,797
148,997 -> 148,78
66,897 -> 224,897
352,654 -> 168,470
640,603 -> 748,603
867,489 -> 397,19
933,703 -> 247,703
376,37 -> 416,77
984,285 -> 795,96
479,692 -> 262,909
503,782 -> 584,863
664,126 -> 249,126
499,210 -> 499,41
627,446 -> 958,446
796,341 -> 486,651
642,277 -> 758,393
561,623 -> 34,96
363,926 -> 363,66
669,823 -> 693,847
626,802 -> 798,630
312,517 -> 146,683
270,665 -> 176,571
93,813 -> 7,813
751,432 -> 913,432
323,484 -> 36,771
943,478 -> 906,478
650,290 -> 650,45
837,455 -> 697,455
516,181 -> 633,64
101,315 -> 28,315
84,911 -> 64,911
72,789 -> 128,845
934,929 -> 979,929
243,615 -> 243,147
518,199 -> 383,64
701,822 -> 138,259
732,621 -> 925,814
963,378 -> 963,846
978,306 -> 604,680
79,42 -> 114,7
554,608 -> 597,651
320,5 -> 993,5
432,873 -> 432,963
32,534 -> 498,1000
58,59 -> 90,27
668,868 -> 867,868
362,515 -> 362,982
47,241 -> 47,433
514,325 -> 285,325
768,597 -> 768,999
275,140 -> 275,900
845,394 -> 962,277
464,737 -> 464,838
387,287 -> 287,287
839,712 -> 569,442
419,54 -> 316,54
572,463 -> 610,425
903,72 -> 541,72
728,800 -> 858,930
439,121 -> 439,12
40,402 -> 40,675
483,853 -> 550,920
333,501 -> 814,501
899,120 -> 866,87
560,58 -> 902,400
87,488 -> 87,510
160,444 -> 52,336
751,234 -> 949,36
770,281 -> 886,165
309,838 -> 309,470
667,242 -> 779,130
916,217 -> 838,139
237,839 -> 237,951
217,939 -> 586,939
251,406 -> 728,406
111,4 -> 52,63
352,592 -> 277,667
724,306 -> 724,454
879,511 -> 923,467
212,582 -> 134,660
715,153 -> 928,366
317,875 -> 135,693
24,787 -> 196,959
789,227 -> 832,227
633,12 -> 817,12
680,97 -> 734,97
382,249 -> 382,507
713,50 -> 849,50
320,390 -> 176,534
758,939 -> 709,939
10,683 -> 10,536
339,269 -> 163,93
724,666 -> 724,558
419,208 -> 206,421
535,322 -> 762,549
23,151 -> 23,648
202,575 -> 202,946
605,21 -> 762,178
653,933 -> 732,854
898,802 -> 855,802
662,24 -> 662,844
160,25 -> 139,4
227,541 -> 13,327
210,714 -> 149,714
425,67 -> 910,552
424,488 -> 424,514
832,427 -> 515,744
472,500 -> 405,433
819,997 -> 819,378
489,446 -> 142,99
310,656 -> 310,802
389,680 -> 849,680
988,587 -> 988,625
85,898 -> 60,898
614,165 -> 614,296
463,836 -> 190,563
837,161 -> 997,321
767,531 -> 903,395
247,593 -> 493,593
869,960 -> 835,994
450,955 -> 425,980
347,798 -> 347,459
568,766 -> 409,607
293,771 -> 371,849
635,968 -> 635,49
344,746 -> 168,570
510,990 -> 948,990
768,626 -> 902,492
751,968 -> 503,720
522,417 -> 200,95
20,690 -> 604,106
486,705 -> 648,543
452,533 -> 31,954
585,60 -> 639,6
896,496 -> 896,903
791,758 -> 200,167
377,257 -> 377,117
131,65 -> 65,65
437,638 -> 676,877
960,880 -> 879,961
206,897 -> 116,987
117,923 -> 184,990
720,658 -> 416,354
975,808 -> 995,828
673,417 -> 533,557
219,623 -> 411,431
988,431 -> 345,431
220,788 -> 284,852
980,29 -> 958,7
304,609 -> 118,795
768,798 -> 925,798
862,487 -> 302,487
122,825 -> 360,825
552,726 -> 677,851
398,522 -> 359,483
323,543 -> 262,543
529,72 -> 529,353
614,31 -> 634,11
880,243 -> 205,243
332,773 -> 534,975
999,789 -> 570,789
939,516 -> 939,100
36,128 -> 36,96
713,193 -> 487,193
914,880 -> 266,880
870,858 -> 926,858
956,161 -> 956,120
854,153 -> 854,51
927,556 -> 829,458
34,954 -> 11,977
639,873 -> 327,873
702,656 -> 113,67
202,108 -> 245,65
478,4 -> 478,688
780,863 -> 584,667
278,572 -> 448,742
485,664 -> 701,880
709,774 -> 324,389
528,209 -> 172,565
364,290 -> 364,527
315,283 -> 315,539
692,644 -> 692,144
195,468 -> 466,468
826,351 -> 826,928
688,821 -> 569,940
228,735 -> 14,735
478,807 -> 478,100
695,291 -> 877,473
74,847 -> 661,847
85,895 -> 22,895
468,632 -> 681,632
207,757 -> 707,257
852,103 -> 903,52
801,479 -> 801,876
812,629 -> 846,663
102,257 -> 608,763
823,304 -> 893,374
520,835 -> 445,910
816,747 -> 942,747
971,393 -> 994,393
771,946 -> 742,975
422,422 -> 422,270
748,611 -> 850,611
308,605 -> 134,779
351,789 -> 351,636
438,195 -> 334,299
536,316 -> 508,344
778,111 -> 975,111
903,572 -> 787,456
692,887 -> 295,490
434,128 -> 434,54
297,793 -> 413,909
934,333 -> 450,333
234,389 -> 806,389
74,783 -> 74,343
136,208 -> 14,86
255,906 -> 255,966
72,481 -> 431,122
219,370 -> 176,327
561,464 -> 561,576
362,393 -> 362,202
957,63 -> 866,154
695,663 -> 695,809
65,84 -> 10,139
427,477 -> 46,477
560,147 -> 560,31
394,88 -> 394,804
220,930 -> 162,988
1,74 -> 1,54
408,539 -> 385,539
655,591 -> 744,502
556,936 -> 556,76
477,789 -> 381,789
491,783 -> 294,783
691,231 -> 500,40
723,971 -> 29,277
621,349 -> 540,268
686,763 -> 485,763
44,272 -> 23,293
486,476 -> 25,937
641,40 -> 680,79
390,973 -> 770,973
64,835 -> 37,808
290,745 -> 205,745
884,163 -> 910,137
69,111 -> 8,50
94,734 -> 423,405
803,919 -> 869,919
266,955 -> 463,955
528,909 -> 494,943
245,559 -> 558,559
284,884 -> 284,334
963,530 -> 984,551
350,28 -> 322,0
554,420 -> 722,252
307,960 -> 408,960
122,691 -> 17,691
318,954 -> 318,984
534,620 -> 534,208
844,24 -> 844,63
41,844 -> 41,944
985,781 -> 985,550
367,910 -> 666,910
29,202 -> 29,484
12,654 -> 629,654
913,501 -> 745,333
109,63 -> 169,3
325,569 -> 43,287
339,103 -> 382,60
160,554 -> 160,219
531,943 -> 874,943
100,198 -> 238,60
230,116 -> 350,236
515,845 -> 515,993
456,283 -> 193,20
174,82 -> 577,485
175,247 -> 45,377
396,798 -> 368,826
957,916 -> 957,958
370,867 -> 862,375
284,908 -> 16,640
562,555 -> 562,189
728,743 -> 591,880
977,1000 -> 998,1000
637,191 -> 33,795
38,128 -> 303,128
622,73 -> 310,385
660,470 -> 407,470
215,337 -> 40,512
400,276 -> 129,547
843,827 -> 704,688
256,659 -> 292,623
925,819 -> 611,819
111,458 -> 87,434
578,580 -> 669,580
791,178 -> 791,678
982,793 -> 816,959
835,80 -> 956,201
622,134 -> 651,105
769,38 -> 739,8
617,757 -> 366,506
334,406 -> 512,228
822,960 -> 847,985
652,174 -> 792,34
98,908 -> 535,908
89,147 -> 751,147
946,497 -> 817,626
357,904 -> 327,874
878,388 -> 557,709
945,462 -> 16,462
603,585 -> 183,165
723,657 -> 519,861
439,806 -> 439,694
455,277 -> 455,902
303,103 -> 335,135
564,311 -> 986,311
283,514 -> 18,249
360,694 -> 458,792
171,670 -> 74,573
330,33 -> 353,10
906,525 -> 928,503
868,625 -> 698,795
303,29 -> 408,134
518,392 -> 518,351
918,773 -> 510,365
98,984 -> 53,939
150,429 -> 12,567
661,430 -> 970,430
877,669 -> 937,609
82,152 -> 699,152
288,268 -> 288,80
372,144 -> 780,552
109,112 -> 191,30
287,323 -> 836,872
170,516 -> 132,516
165,398 -> 165,683
610,605 -> 440,775
649,853 -> 649,458
579,315 -> 319,315
180,456 -> 992,456
320,30 -> 460,170
142,277 -> 802,937
960,998 -> 182,998
661,683 -> 791,813
676,229 -> 710,229
27,73 -> 537,583
452,448 -> 378,448
610,167 -> 331,167
659,735 -> 659,517